163
249
172
249
195
299
172
198
39
198
198
39
15
138
277
187
38
103
208
14
3
99
109
115
42
115
31
39
249
134
227
134
289
31
31
289
39
289
289
227
240
289
22
25
250
25
187
35
248
86
86
248
48
199
15
151
138
278
278
187
151
278
278
151
145
18
18
13
13
18
62
175
175
62
145
16
200
286
14
173
208
173
195
262
194
259
99
194
121
10
10
172
102
10
84
121
121
84
22
84
84
22
293
84
84
102
66
121
118
59
106
222
288
222
76
118
274
31
274
235
31
8
274
8
154
134
264
283
292
22
292
250
248
256
256
144
144
256
256
248
35
260
260
35
260
38
260
248
248
260
17
48
48
17
48
207
207
48
285
99
285
3
178
285
9
207
207
9
287
106
136
287
9
0
0
9
210
33
86
30
30
33
252
103
144
252
104
294
252
104
104
252
151
88
88
151
123
88
153
123
18
153
153
88
162
18
162
145
153
162
162
153
286
181
16
177
177
175
175
177
53
177
177
145
177
16
96
133
183
96
174
183
151
21
21
151
262
220
299
220
269
122
198
78
78
274
274
78
272
10
232
76
130
25
161
158
60
66
60
293
72
60
158
60
60
158
205
59
59
205
76
284
8
182
182
240
182
55
240
182
283
271
271
283
186
16
16
186
186
83
83
186
169
288
169
186
186
169
17
265
3
265
265
3
199
265
50
17
0
50
50
0
50
178
265
50
50
265
83
190
190
83
225
111
90
194
0
179
61
42
9
215
215
287
215
9
287
215
288
215
215
288
101
210
210
101
33
101
101
256
256
101
98
144
210
98
117
278
278
117
241
153
33
241
88
241
153
241
142
175
142
87
268
142
97
155
231
155
155
231
96
231
231
96
26
14
75
26
14
26
26
174
29
41
41
29
29
277
133
29
41
58
29
80
80
29
80
15
80
21
87
188
51
13
188
51
51
87
51
188
219
200
200
219
197
195
107
197
105
141
105
107
134
105
55
257
257
55
228
262
228
220
228
75
75
228
173
228
228
173
228
208
220
228
245
238
238
245
238
75
262
12
12
245
12
262
245
12
245
157
157
245
197
157
235
91
272
91
91
272
66
91
91
158
158
91
10
267
272
267
78
70
70
272
70
267
267
70
70
198
70
78
291
235
235
291
158
291
291
158
25
196
196
72
196
161
130
221
221
130
221
196
196
221
158
67
67
158
180
67
67
161
175
164
205
164
164
214
214
164
142
164
164
142
275
205
284
275
140
284
140
76
271
140
120
34
111
34
34
271
34
140
242
115
19
283
19
124
85
180
182
85
211
240
240
211
257
251
251
257
251
211
192
169
169
192
62
192
288
192
168
207
168
190
190
168
103
168
294
168
239
190
239
169
169
239
207
239
190
239
202
225
202
0
202
136
179
202
202
179
111
202
225
202
285
149
149
90
90
149
194
36
90
36
226
179
179
226
100
210
100
98
162
100
100
282
83
282
282
162
282
100
46
117
117
46
30
46
241
46
46
241
117
295
295
117
295
30
295
35
35
295
295
86
254
214
181
254
254
268
147
216
189
142
142
189
189
53
13
189
87
189
174
185
185
97
203
185
185
203
26
209
209
26
112
41
112
58
155
112
58
204
204
80
51
127
127
123
123
127
127
51
4
188
4
219
181
4
4
181
188
4
224
276
276
203
219
276
141
64
105
64
64
165
108
131
131
257
257
131
131
147
200
113
113
200
122
113
216
113
269
40
157
40
113
69
69
113
69
224
273
269
238
114
114
209
94
85
85
94
166
232
166
94
94
166
59
166
167
218
218
167
218
130
24
264
24
167
76
24
232
24
167
28
161
28
130
28
28
94
275
139
164
139
139
164
140
191
275
191
191
275
242
297
297
120
297
19
283
297
19
297
115
298
242
298
292
160
124
160
160
218
218
160
160
19
160
124
135
182
135
85
135
274
135
8
291
135
135
291
85
135
55
146
85
146
146
184
146
85
243
211
243
154
289
243
211
243
211
229
251
229
216
253
253
251
253
229
253
216
234
179
149
234
179
234
234
285
234
149
255
36
255
61
255
90
226
255
255
226
225
125
125
226
125
225
156
83
156
282
104
156
282
156
156
104
98
156
214
279
254
279
80
129
204
129
21
129
129
127
127
129
137
4
4
137
137
276
276
137
79
64
154
79
79
105
243
79
79
243
165
79
64
79
170
131
131
170
170
279
279
170
170
59
59
170
113
244
244
113
147
244
244
181
89
40
89
157
89
141
40
89
141
89
89
197
69
176
176
273
176
69
273
176
5
40
273
5
40
5
5
273
5
238
5
114
114
5
114
82
185
82
82
114
82
185
209
82
82
69
69
82
49
59
49
166
166
49
49
108
184
49
95
24
24
95
95
28
94
95
28
95
233
275
233
139
139
233
233
62
233
288
233
222
34
230
230
191
230
34
230
111
222
230
191
230
148
242
148
297
297
148
148
125
171
242
171
298
124
171
269
2
2
253
253
2
2
165
229
2
2
269
165
2
36
54
255
54
54
255
259
54
54
109
226
81
125
81
61
81
81
148
148
81
258
137
129
258
258
129
279
47
47
244
47
279
47
254
244
47
119
124
119
171
171
119
119
292
298
119
258
223
223
112
112
223
137
223
223
204
223
258
97
223
203
223
172
163
195
43
172
249
39
126
198
249
15
277
38
261
109
7
42
109
31
126
249
43
227
249
289
45
31
39
39
249
289
249
240
45
22
27
250
22
187
217
248
11
86
150
48
261
15
138
138
277
278
277
151
138
278
63
145
37
18
37
13
73
62
201
175
128
145
212
200
290
14
280
208
14
195
299
194
116
99
116
121
102
10
163
102
163
84
102
121
293
22
7
84
27
293
27
66
293
118
143
106
236
288
106
76
143
274
126
274
71
31
45
274
31
154
227
264
6
292
7
292
22
248
38
256
38
144
246
256
11
35
217
260
150
260
261
260
38
248
150
3
261
17
193
48
199
48
193
207
261
285
3
285
57
178
57
9
1
207
193
287
236
136
236
9
193
0
136
210
44
86
11
30
11
252
38
144
38
104
103
252
103
104
144
151
63
88
68
123
68
153
73
18
73
153
123
162
145
162
212
153
44
162
18
286
290
16
128
177
128
175
53
53
37
177
37
177
145
96
266
183
266
174
266
151
68
21
15
262
299
269
92
198
126
78
126
274
235
272
121
232
143
130
250
161
72
60
293
60
27
72
27
158
72
60
66
205
118
59
56
76
118
8
45
182
45
182
152
240
152
283
6
271
159
186
128
16
212
186
212
83
206
169
1
169
128
186
206
17
199
3
57
265
261
199
261
50
193
0
193
50
178
50
57
265
57
50
17
83
294
190
206
225
120
90
99
0
178
61
109
9
136
215
136
215
1
287
106
288
1
215
106
101
246
210
33
33
11
101
11
256
246
98
246
210
246
117
63
278
187
241
44
33
44
88
63
153
88
142
53
142
52
268
52
97
183
231
133
155
183
96
133
231
183
26
280
75
280
14
266
26
266
29
32
41
133
29
266
133
266
41
32
29
277
80
32
80
277
80
15
87
52
51
73
188
93
51
13
51
87
219
290
200
224
197
43
107
43
105
107
105
43
134
43
55
152
257
270
228
20
228
262
228
280
75
20
173
280
228
208
228
213
220
213
245
20
238
23
238
20
262
20
12
20
12
195
245
195
245
23
157
195
197
195
235
74
272
235
91
121
66
121
91
74
158
66
10
172
272
10
78
235
70
235
70
272
267
172
70
172
70
198
291
74
235
71
158
74
291
180
25
27
196
27
196
72
130
25
221
161
221
25
196
161
158
180
67
161
180
132
67
132
175
201
205
56
164
56
214
268
142
175
164
268
275
118
284
118
140
76
140
6
271
6
120
159
111
120
34
159
34
271
242
42
19
264
19
65
85
132
182
55
211
152
240
289
257
152
251
247
251
152
192
128
169
288
62
128
288
62
168
261
168
207
190
294
103
261
294
103
239
206
239
1
169
206
207
1
190
207
202
263
202
136
202
236
179
263
202
0
111
236
225
111
285
99
149
99
90
281
194
259
90
194
226
263
179
281
100
44
100
210
162
44
100
98
83
212
282
212
282
162
46
63
117
30
30
33
241
63
46
33
117
187
295
30
295
86
295
187
35
150
295
150
254
268
181
52
254
52
147
247
189
53
142
87
189
37
13
37
87
13
174
183
185
183
203
110
185
97
26
174
209
75
112
133
112
41
155
133
58
32
204
32
51
93
127
68
123
73
127
73
4
93
4
290
181
290
4
52
188
52
224
110
276
110
219
224
141
296
105
141
64
296
108
270
131
270
257
247
131
247
200
286
113
224
122
92
216
122
269
296
157
23
113
92
69
224
69
110
273
92
238
75
114
75
94
132
85
184
166
143
166
232
94
184
59
143
167
264
218
130
218
250
24
6
24
264
76
6
232
76
167
130
161
132
130
161
28
132
275
205
164
201
139
205
140
284
275
222
191
284
242
65
297
159
297
65
283
159
19
283
115
7
242
115
292
250
124
292
160
250
218
264
160
264
160
19
135
8
135
182
135
71
135
274
291
71
135
180
85
180
55
270
85
55
146
270
146
184
243
237
243
227
289
227
211
289
211
237
251
211
216
247
253
247
253
251
253
122
234
281
149
281
179
178
234
178
234
285
255
90
255
109
255
281
226
281
255
61
225
263
125
263
125
120
156
294
156
83
104
294
282
98
156
144
98
144
214
56
254
214
80
21
204
80
21
68
129
68
127
93
137
93
4
219
137
219
276
203
79
105
154
134
79
134
243
154
79
237
165
237
64
165
170
108
131
147
170
147
279
56
170
56
59
108
113
286
244
216
147
216
244
286
89
157
89
197
89
296
40
296
141
107
89
107
69
92
176
92
176
77
273
77
5
269
273
269
40
23
5
77
5
23
5
238
114
77
114
209
185
110
82
77
82
174
209
174
82
110
69
77
49
108
49
59
166
184
49
270
184
270
95
232
24
167
95
167
94
232
28
94
233
222
233
275
139
201
233
201
233
62
233
288
34
140
230
140
230
111
230
236
222
236
191
222
148
42
148
242
297
120
148
120
171
65
171
242
124
65
269
122
2
122
253
229
2
237
229
237
2
296
165
296
36
259
255
36
54
109
54
7
226
61
125
226
61
42
81
42
148
125
258
93
129
93
258
204
279
147
47
147
47
254
47
181
244
181
119
292
119
124
171
298
119
7
298
7
258
137
223
155
112
58
137
203
223
58
223
204
97
155
203
97
249
43
249
163
198
249
198
126
39
249
138
277
187
217
103
261
14
266
99
116
115
7
115
109
39
126
134
43
134
249
31
45
289
39
289
249
227
249
289
45
25
27
25
22
35
217
86
11
248
150
199
261
151
138
278
277
187
277
278
138
151
63
18
37
13
37
18
73
175
201
62
128
16
212
286
290
173
280
173
14
262
299
194
116
10
102
172
163
10
163
121
102
84
293
22
27
84
27
102
163
121
293
59
143
222
236
222
106
118
143
31
126
235
71
8
45
8
31
134
227
283
6
22
7
250
22
256
38
144
38
256
246
248
11
35
150
38
261
248
38
260
150
260
261
48
193
17
199
207
193
48
261
99
3
3
57
285
57
207
1
9
193
106
236
287
236
0
193
9
136
33
44
30
11
33
11
103
38
252
38
294
103
104
103
252
144
88
63
151
68
88
68
123
73
153
73
88
123
18
145
145
212
162
44
153
18
181
290
177
128
175
128
177
53
177
37
145
37
16
145
133
266
96
266
183
266
21
68
151
15
220
299
220
213
122
92
78
126
274
126
78
235
10
121
76
143
25
250
158
72
66
293
293
27
60
27
60
72
158
66
59
118
205
56
284
118
182
45
240
45
55
152
182
152
271
6
283
159
16
128
186
212
83
212
186
206
288
1
186
128
169
206
265
199
265
57
3
261
265
261
17
193
50
193
0
178
178
57
50
57
265
17
190
294
83
206
111
120
194
99
179
178
42
109
215
136
287
136
9
1
215
106
215
1
288
106
210
246
101
33
101
11
256
11
101
246
144
246
98
246
278
63
117
187
153
44
241
44
241
63
241
88
175
53
87
52
142
52
155
183
155
133
231
183
231
133
96
183
14
280
26
280
26
266
174
266
41
32
29
133
29
266
58
32
80
277
29
32
15
277
21
15
188
52
13
73
51
93
87
13
188
87
200
290
219
224
195
43
197
43
141
107
107
43
105
43
257
152
55
270
262
20
220
262
75
280
228
20
228
280
173
208
228
213
238
20
245
23
75
20
12
20
245
20
262
195
12
195
157
23
245
195
157
195
91
74
91
235
272
121
91
121
158
74
91
66
267
172
267
10
70
235
272
235
267
272
70
172
198
172
78
198
235
74
291
71
291
74
158
180
196
27
72
27
161
72
221
25
130
161
196
25
221
161
67
180
158
161
67
132
161
132
164
201
164
56
214
56
164
268
164
175
142
268
205
118
275
118
284
76
76
6
140
6
34
159
34
120
271
159
140
271
115
42
283
264
124
65
180
132
85
55
240
152
211
289
251
152
257
247
211
152
169
128
192
288
192
128
192
62
207
261
190
207
168
294
168
261
168
103
190
206
169
1
239
206
239
1
239
207
225
263
0
136
136
236
202
263
179
0
202
236
202
111
149
99
90
99
149
281
36
259
36
194
179
263
226
281
210
44
98
210
100
44
282
98
282
212
162
212
100
162
117
63
46
30
46
33
46
63
241
33
295
187
117
30
30
86
35
187
295
150
86
150
214
268
254
52
268
52
216
247
142
53
189
87
53
37
189
37
189
13
185
183
97
183
185
110
203
97
209
174
26
75
41
133
58
41
112
133
204
32
80
32
127
93
123
68
127
73
51
73
188
93
219
290
4
290
181
52
4
52
276
110
203
110
276
224
64
296
64
141
165
296
131
270
257
270
131
247
147
247
113
286
200
224
113
92
113
122
40
296
40
23
69
92
113
224
224
110
269
92
114
75
209
75
85
132
94
184
232
143
94
232
166
184
166
143
218
264
167
130
130
250
264
6
167
264
24
6
24
76
28
130
28
132
28
161
94
132
139
205
139
201
164
205
191
284
191
222
275
284
297
65
120
159
19
65
297
159
297
283
298
7
298
115
160
250
160
292
218
250
160
264
19
264
124
19
182
8
85
182
274
71
8
274
135
71
291
180
135
180
146
270
146
55
184
270
85
184
211
237
154
227
243
227
243
289
229
237
229
211
253
247
251
247
229
251
216
122
179
281
234
281
234
178
285
178
149
285
36
90
61
109
90
281
255
281
226
61
125
263
226
263
225
120
83
294
282
83
156
294
156
98
104
144
156
144
279
56
279
214
129
21
129
80
129
68
127
68
129
93
4
93
137
219
276
219
137
203
64
105
79
134
105
134
79
154
243
237
79
237
79
165
131
108
170
147
279
147
170
56
59
56
170
108
244
286
113
216
244
216
181
286
40
157
157
197
141
296
89
296
89
107
197
107
176
92
273
92
69
77
176
77
40
269
5
269
5
23
273
77
238
23
114
238
5
77
82
209
82
110
114
77
185
174
82
174
69
110
82
77
59
108
166
59
49
184
108
270
49
270
24
232
95
167
28
167
95
232
95
94
275
222
139
275
233
201
62
201
288
62
222
288
230
140
191
140
34
111
111
236
230
236
230
222
242
42
297
242
148
120
125
120
242
65
298
242
171
65
2
122
253
122
2
229
165
237
2
237
269
296
2
296
54
259
54
36
255
109
54
7
109
7
81
61
81
226
81
42
148
42
81
125
137
93
258
93
129
204
47
147
244
147
279
254
254
181
47
181
124
292
171
124
119
298
292
7
119
7
223
137
112
155
223
58
223
203
204
58
258
204
223
155
223
97
