-136
81
-122
27
127
-31
-198
114
22
-85
138
-99
-19
105
-87
198
128
78
-136
54
179
167
-160
-130
191
-115
-52
-77
120
-193
-55
-184
-89
-31
-188
65
-69
-83
-29
147
165
-138
-45
-163
19
197
156
-104
0
110
37
177
116
-164
73
186
41
121
-14
-195
-151
-142
154
77
-11
-177
-133
-123
-61
104
-182
-188
-160
179
-66
-65
-196
-92
181
59
157
-89
0
-189
-94
160
199
-13
-108
-94
135
55
-124
-138
41
-22
-184
37
36
51
-162
79
-25
-97
7
-47
-50
-26
-129
190
91
38
4
11
-190
95
5
-168
-1
32
104
180
-109
161
-66
14
-104
-137
158
-36
-54
165
123
170
81
125
-56
-141
91
-93
161
133
127
106
91
167
-66
-98
119
139
142
-149
-19
78
118
-106
165
113
164
-18
-26
-177
-107
143
101
-126
-133
-30
149
196
93
77
-166
-145
-22
-64
-84
-141
171
-73
-159
154
132
155
103
-66
-4
-114
45
86
20
108
71
-189
63
-157
-147
-68
-187
156
-130
-78
-147
-107
174
191
-194
-31
-170
-48
178
-33
-89
45
192
-49
45
35
-112
181
71
-121
-80
93
22
-172
72
-63
121
-126
-88
179
-191
192
-126
-174
-16
47
-27
194
-74
129
138
172
106
-47
-64
-125
-20
178
-99
129
166
98
-26
-115
-80
-5
-17
-140
35
142
61
17
57
106
37
-187
190
-1
114
86
-119
71
27
-124
-79
-186
-38
27
-38
79
168
-57
-16
-37
-3
57
-170
-71
-87
-60
77
57
47
-8
-79
152
-158
138
-188
-152
-73
-157
111
31
-83
-111
174
2
43
-168
-149
-53
177
-91
101
152
-54
118
1
159
68
141
-94
-77
198
189
-30
7
142
-27
21
60
22
125
-178
-7
-104
6
42
14
-49
185
187
136
146
-190
95
-154
-46
-11
110
-92
-74
-29
-154
104
-141
112
92
114
22
-49
120
55
69
-174
53
66
79
-148
-116
-22
-159
-193
0
-87
-37
-45
-148
-2
-48
67
-83
10
-156
57
-184
172
198
-97
74
170
197
-76
182
115
-194
51
51
-73
-48
15
-117
96
51
-124
-4
-155
-22
31
-122
-5
-159
29
168
-196
110
-148
-134
-99
142
10
-100
-42
192
-193
9
-10
-109
45
79
-26
-200
-192
11
146
44
-90
189
-164
60
156
-67
52
27
-148
75
-97
-99
111
-126
138
181
26
172
-162
117
-10
-68
79
56
-183
17
88
-53
32
-161
123
141
120
-89
76
141
-8
155
-124
-134
7
127
39
-100
-119
-72
168
159
8
50
-36
177
-106
-162
-95
77
-5
-185
-134
194
45
18
170
106
3
-192
-69
97
-14
16
-34
-138
173
-177
-104
78
18
3
-139
-169
197
-200
-165
-196
13
189
-144
-115
111
-9
138
-195
80
100
-200
174
147
-1
-26
134
-70
63
44
-31
116
159
148
121
-81
138
94
-36
42
56
-109
-29
-200
-106
-189
26
-6
139
-164
-141
140
-132
-53
-27
132
-35
59
-179
120
42
-60
-106
62
-85
27
178
44
34
-76
112
116
-5
195
119
186
-157
-26
-161
-167
152
-54
-61
151
-68
193
198
-178
